Version 0.9.7
5
 4 10 175 77 128 0 1
 5 80 400 206 81 2 2
 0 160 160 877 276 8 3
 1 510 8 206 81 140 4
 3 253 18 203 58 150 5
 0
21
 16711680 5 525 19 525 19 486 19 486 19 486 174 486 174 0 4 0 3
 16711680 5 525 77 525 77 525 187 525 187 525 187 525 187 0 4 0 3
 16711680 5 264 55 264 55 264 187 264 187 265 187 265 187 0 5 0 3
 16711680 5 213 174 213 174 71 174 71 174 71 189 71 189 0 3 0 1
 16711680 5 71 249 71 249 90 249 90 187 213 187 213 187 0 1 0 3
 16711680 5 71 288 71 288 71 408 71 408 213 408 213 408 0 1 0 3
 16711680 5 447 330 447 330 447 330 447 408 447 408 447 408 0 3 0 3
 16711680 5 369 265 369 265 369 265 369 265 369 174 369 174 0 3 0 3
 16711680 5 566 45 566 45 466 45 466 83 382 83 382 265 0 4 0 3
 16711680 5 585 45 585 45 577 45 577 102 395 102 395 265 0 4 0 3
 16711680 5 408 265 408 265 408 265 421 265 421 265 421 265 0 3 0 3
 16711680 5 604 45 604 45 593 45 593 204 434 204 434 265 0 4 0 3
 16711680 5 585 32 585 5 806 5 806 551 369 551 369 330 0 4 0 3
 16711680 5 604 32 604 32 796 32 796 538 382 538 382 330 0 4 0 3
 16711680 5 395 330 395 330 395 330 408 330 408 330 408 330 0 3 0 3
 16711680 5 623 45 623 45 784 45 784 521 421 521 421 330 0 4 0 3
 16711680 5 642 330 642 330 642 330 642 408 642 408 642 408 0 3 0 3
 16711680 5 564 265 564 265 564 265 564 174 564 174 564 174 0 3 0 3
 16711680 5 447 265 447 265 545 265 545 331 564 331 564 330 0 3 0 3
 16711680 5 434 330 434 330 434 463 577 463 577 330 577 330 0 3 0 3
 16711680 5 590 330 590 330 590 506 311 506 311 62 439 62 0 3 0 5
2
 7008 1 14 363 278 5 0 0 0 3
 7032 1 14 558 278 5 0 0 0 3
