Version 0.9.7
5
 4 10 175 77 128 0 1
 5 80 400 206 81 2 2
 0 110 110 877 276 8 3
 1 514 12 206 81 140 4
 3 249 15 203 58 150 5
 0
14
 16711680 5 529 23 529 23 488 23 488 23 488 124 488 124 0 4 0 3
 16711680 5 529 81 529 81 529 137 529 137 527 137 527 137 0 4 0 3
 16711680 5 71 189 71 189 71 124 71 124 163 124 163 124 0 1 0 3
 16711680 5 241 137 241 137 241 52 241 52 260 52 260 52 0 3 0 5
 16711680 5 71 249 71 249 98 249 98 137 163 137 163 137 0 1 0 3
 16711680 5 631 280 631 280 631 280 631 358 631 358 631 358 0 3 0 3
 16711680 5 436 280 436 280 436 280 436 358 436 358 436 358 0 3 0 3
 16711680 5 358 215 358 215 358 215 358 124 358 124 358 124 0 3 0 3
 16711680 5 553 215 553 215 553 215 553 124 553 124 553 124 0 3 0 3
 16711680 5 570 49 570 49 559 49 559 215 566 215 566 215 0 4 0 3
 16711680 5 589 49 589 49 589 10 370 10 370 215 371 215 0 4 0 3
 16711680 5 384 215 384 215 384 195 579 195 579 215 579 215 0 3 0 3
 16711680 5 592 215 592 215 598 215 598 159 435 159 435 59 0 3 0 5
 16711680 5 71 288 71 288 71 358 71 358 163 358 163 358 0 1 0 3
2
 7004 1 14 352 228 5 0 0 0 3
 7008 1 14 547 228 5 0 0 0 3
